target_goal:
  pick: {pose: [0.1, 2.0, 3.0], orientation: [0.1, 12.0, 2.0, 33.0]}
  place: {pose: [0.0, 0.0, 0.0], orientation: [0.0, 0.0, 0.0, 0.0]}
  standby: {pose: [0.0, 0.0, 0.0], orientation: [0.0, 0.0, 0.0, 0.0]}

arm_pose:
  pos_0: [1.5099107384793415, 4.900088574013474, 0.5020807668855949, 0.8565849919674844, -4.557597535713796, 4.407129999388755, 6.869191534498366]
  box_1: [-1.2701534029163963, 1.3908569182664936, -3.0980835255967323, 2.0569931354119046, -4.565481557804867, 4.516007481602246, 7.980114269522816]
  box_2: [-1.252253498281647, 2.28780451339911, -3.0842145815879265, 1.4806850755187573, -4.632530366673138, 4.445708284623534, 8.309562210067723]
  box_3: [-1.0581896154378452, 1.2461667104522163, -2.954383614233801, 1.2451730850495077, -4.25764623477039, 4.802677598189428, 6.995985699261475]
  box_4: [-1.0378865408144355, 2.4071756492558407, -2.78539352621115, 0.5759244981171485, -3.9473347045543568, 4.62514755149922, 7.384666603507487]
  box_5: [-0.5419897338485454, 1.0541378821553988, -2.787048414512525, 1.1627369308769224, -4.080524983307509, 4.880610213800635, 6.700135133764571]
  box_6: [-0.9420672697949022, 2.09380867432116, -2.9147286129703027, 0.6241698583718331, -4.602153286015258, 4.76073281102068, 7.343200120070517]
  standby: [1.5099107384793415, 4.900088574013474, 0.5020807668855949, 0.8565849919674844, -4.557597535713796, 4.407129999388755, 6.869191534498366]

